fixed metal distribution -- based on Asplund, Grevesse, Sauval, and Scott (2009) solar abundances
    form     version        X           Z          logRs    logR_min    logR_max       logTs    logT_min    logT_max
       1          38    0.700000    0.020000          37   -8.000000    1.000000         138    3.750000    8.700000

   logT                       logR = logRho - 3*logT + 18
          -8.000  -7.750  -7.500  -7.250  -7.000  -6.750  -6.500  -6.250  -6.000  -5.750  -5.500  -5.250  -5.000  -4.750  -4.500  -4.250  -4.000  -3.750  -3.500  -3.250  -3.000  -2.750  -2.500  -2.250  -2.000  -1.750  -1.500  -1.250  -1.000  -0.750  -0.500  -0.250   0.000   0.250   0.500   0.750   1.000

   3.750  -0.766  -0.843  -0.927  -1.019  -1.118  -1.220  -1.326  -1.432  -1.540  -1.646  -1.752  -1.854  -1.952  -2.041  -2.123  -2.185  -2.231  -2.250  -2.245  -2.214  -2.158  -2.086  -1.996  -1.896  -1.783  -1.669  -1.551  -1.415  -1.265  -1.105  -0.933  -0.753  -0.563  -0.365  -0.157   0.037   0.226
   3.775  -0.640  -0.679  -0.729  -0.789  -0.859  -0.938  -1.026  -1.118  -1.216  -1.314  -1.414  -1.510  -1.604  -1.687  -1.762  -1.819  -1.862  -1.879  -1.874  -1.845  -1.792  -1.727  -1.645  -1.550  -1.442  -1.338  -1.231  -1.108  -0.973  -0.833  -0.686  -0.532  -0.370  -0.196  -0.010   0.165   0.337
   3.800  -0.559  -0.573  -0.596  -0.629  -0.673  -0.727  -0.792  -0.863  -0.942  -1.023  -1.107  -1.189  -1.271  -1.342  -1.405  -1.454  -1.490  -1.503  -1.496  -1.468  -1.420  -1.360  -1.286  -1.199  -1.098  -1.003  -0.906  -0.794  -0.672  -0.548  -0.419  -0.285  -0.145   0.009   0.175   0.334   0.491
   3.825  -0.533  -0.534  -0.541  -0.554  -0.572  -0.596  -0.628  -0.667  -0.712  -0.765  -0.822  -0.883  -0.943  -0.998  -1.045  -1.084  -1.110  -1.117  -1.109  -1.082  -1.041  -0.986  -0.919  -0.838  -0.750  -0.666  -0.575  -0.471  -0.359  -0.245  -0.128  -0.007   0.120   0.258   0.403   0.542   0.689
   3.850  -0.533  -0.530  -0.527  -0.525  -0.523  -0.521  -0.522  -0.528  -0.540  -0.560  -0.585  -0.615  -0.647  -0.677  -0.704  -0.725  -0.736  -0.734  -0.721  -0.695  -0.658  -0.608  -0.547  -0.476  -0.399  -0.323  -0.240  -0.144  -0.041   0.065   0.175   0.287   0.403   0.526   0.655   0.790   0.932
   3.875  -0.532  -0.526  -0.519  -0.510  -0.500  -0.487  -0.473  -0.459  -0.445  -0.434  -0.424  -0.416  -0.409  -0.402  -0.395  -0.386  -0.374  -0.357  -0.334  -0.305  -0.268  -0.222  -0.168  -0.108  -0.041   0.027   0.103   0.188   0.279   0.376   0.476   0.579   0.685   0.797   0.913   1.035   1.165
   3.900  -0.534  -0.528  -0.520  -0.511  -0.498  -0.480  -0.459  -0.432  -0.399  -0.361  -0.319  -0.274  -0.226  -0.179  -0.132  -0.088  -0.046  -0.007   0.030   0.069   0.110   0.155   0.204   0.257   0.314   0.377   0.445   0.519   0.600   0.686   0.778   0.872   0.969   1.071   1.177   1.289   1.407
   3.925  -0.535  -0.530  -0.524  -0.515  -0.502  -0.484  -0.459  -0.426  -0.382  -0.328  -0.263  -0.189  -0.108  -0.024   0.062   0.144   0.222   0.291   0.354   0.410   0.463   0.513   0.563   0.613   0.665   0.721   0.782   0.847   0.918   0.996   1.078   1.162   1.251   1.344   1.442   1.543   1.650
   3.950  -0.533  -0.531  -0.526  -0.520  -0.510  -0.494  -0.469  -0.433  -0.385  -0.321  -0.242  -0.147  -0.040   0.077   0.198   0.317   0.432   0.536   0.629   0.709   0.780   0.841   0.897   0.949   1.000   1.053   1.108   1.167   1.230   1.299   1.372   1.448   1.529   1.614   1.704   1.799   1.898
   3.975  -0.525  -0.524  -0.522  -0.518  -0.510  -0.496  -0.474  -0.441  -0.393  -0.327  -0.242  -0.137  -0.014   0.125   0.272   0.424   0.573   0.713   0.840   0.950   1.046   1.127   1.197   1.258   1.313   1.367   1.420   1.474   1.531   1.592   1.657   1.725   1.798   1.876   1.958   2.045   2.136
   4.000  -0.515  -0.515  -0.513  -0.511  -0.506  -0.496  -0.477  -0.447  -0.403  -0.339  -0.254  -0.145  -0.014   0.138   0.304   0.481   0.659   0.831   0.991   1.134   1.260   1.365   1.455   1.530   1.595   1.654   1.708   1.762   1.815   1.871   1.929   1.992   2.058   2.128   2.204   2.285   2.370
   4.025  -0.503  -0.503  -0.503  -0.502  -0.498  -0.489  -0.473  -0.447  -0.406  -0.346  -0.264  -0.156  -0.025   0.132   0.307   0.497   0.694   0.890   1.078   1.251   1.407   1.541   1.656   1.753   1.834   1.904   1.966   2.023   2.077   2.131   2.187   2.244   2.305   2.370   2.439   2.513   2.591
   4.050  -0.492  -0.491  -0.490  -0.490  -0.487  -0.480  -0.466  -0.442  -0.405  -0.349  -0.273  -0.170  -0.042   0.113   0.290   0.487   0.695   0.907   1.117   1.316   1.500   1.663   1.806   1.928   2.031   2.117   2.191   2.256   2.314   2.370   2.425   2.481   2.539   2.599   2.663   2.731   2.802
   4.075  -0.481  -0.479  -0.477  -0.476  -0.473  -0.467  -0.454  -0.433  -0.399  -0.347  -0.275  -0.177  -0.054   0.096   0.269   0.465   0.675   0.895   1.117   1.334   1.541   1.731   1.902   2.050   2.178   2.286   2.377   2.454   2.521   2.583   2.640   2.697   2.754   2.812   2.872   2.936   3.002
   4.100  -0.474  -0.470  -0.466  -0.463  -0.459  -0.453  -0.441  -0.421  -0.389  -0.341  -0.273  -0.181  -0.065   0.078   0.245   0.435   0.642   0.863   1.091   1.320   1.545   1.757   1.953   2.129   2.283   2.414   2.526   2.619   2.700   2.770   2.833   2.893   2.952   3.009   3.068   3.129   3.192
   4.125  -0.470  -0.465  -0.459  -0.455  -0.449  -0.442  -0.429  -0.410  -0.379  -0.334  -0.270  -0.184  -0.074   0.062   0.222   0.405   0.607   0.825   1.053   1.288   1.522   1.750   1.967   2.167   2.347   2.503   2.638   2.751   2.848   2.931   3.003   3.070   3.131   3.191   3.250   3.310   3.371
   4.150  -0.468  -0.462  -0.456  -0.449  -0.442  -0.433  -0.419  -0.399  -0.370  -0.326  -0.266  -0.184  -0.080   0.050   0.202   0.377   0.572   0.785   1.010   1.245   1.485   1.723   1.956   2.175   2.378   2.558   2.718   2.854   2.970   3.068   3.152   3.227   3.294   3.358   3.419   3.480   3.541
   4.175  -0.469  -0.462  -0.454  -0.446  -0.438  -0.427  -0.412  -0.391  -0.361  -0.319  -0.260  -0.182  -0.082   0.041   0.187   0.356   0.544   0.751   0.972   1.205   1.445   1.689   1.930   2.163   2.384   2.586   2.769   2.928   3.065   3.181   3.280   3.365   3.441   3.510   3.575   3.640   3.703
   4.200  -0.470  -0.462  -0.454  -0.445  -0.435  -0.423  -0.407  -0.385  -0.355  -0.312  -0.255  -0.179  -0.083   0.036   0.176   0.339   0.521   0.722   0.939   1.168   1.406   1.651   1.897   2.139   2.374   2.595   2.798   2.979   3.138   3.273   3.389   3.488   3.574   3.651   3.722   3.791   3.856
   4.225  -0.471  -0.464  -0.455  -0.446  -0.435  -0.422  -0.405  -0.383  -0.352  -0.310  -0.253  -0.179  -0.085   0.030   0.166   0.325   0.503   0.700   0.912   1.139   1.375   1.618   1.865   2.113   2.356   2.590   2.811   3.012   3.193   3.348   3.481   3.596   3.694   3.781   3.860   3.935   4.006
   4.250  -0.471  -0.464  -0.456  -0.447  -0.436  -0.422  -0.404  -0.381  -0.350  -0.308  -0.252  -0.180  -0.088   0.025   0.158   0.313   0.488   0.682   0.893   1.116   1.350   1.591   1.838   2.087   2.335   2.579   2.813   3.032   3.232   3.407   3.559   3.690   3.803   3.902   3.990   4.073   4.149
   4.275  -0.469  -0.463  -0.455  -0.446  -0.434  -0.420  -0.402  -0.380  -0.349  -0.307  -0.252  -0.181  -0.091   0.019   0.150   0.304   0.477   0.670   0.880   1.103   1.336   1.576   1.821   2.071   2.321   2.570   2.813   3.045   3.260   3.452   3.623   3.771   3.901   4.013   4.113   4.204   4.286
   4.300  -0.464  -0.459  -0.451  -0.443  -0.431  -0.418  -0.400  -0.377  -0.346  -0.306  -0.252  -0.182  -0.094   0.014   0.143   0.295   0.468   0.662   0.872   1.095   1.328   1.568   1.813   2.062   2.313   2.565   2.813   3.054   3.282   3.489   3.677   3.843   3.989   4.116   4.228   4.328   4.417
   4.325  -0.457  -0.452  -0.445  -0.437  -0.426  -0.412  -0.395  -0.372  -0.343  -0.304  -0.252  -0.184  -0.099   0.007   0.135   0.286   0.459   0.653   0.864   1.089   1.324   1.565   1.812   2.062   2.315   2.569   2.820   3.067   3.304   3.524   3.726   3.907   4.069   4.211   4.335   4.445   4.540
   4.350  -0.448  -0.444  -0.438  -0.429  -0.418  -0.405  -0.387  -0.365  -0.336  -0.298  -0.249  -0.184  -0.101   0.003   0.129   0.280   0.453   0.648   0.861   1.087   1.324   1.568   1.818   2.070   2.324   2.579   2.833   3.084   3.327   3.557   3.772   3.967   4.143   4.298   4.435   4.554   4.655
   4.375  -0.439  -0.435  -0.429  -0.420  -0.409  -0.394  -0.376  -0.353  -0.324  -0.287  -0.238  -0.176  -0.096   0.006   0.130   0.281   0.454   0.650   0.864   1.092   1.331   1.577   1.829   2.083   2.340   2.597   2.854   3.108   3.356   3.594   3.818   4.025   4.212   4.380   4.527   4.655   4.764
   4.400  -0.431  -0.426  -0.419  -0.411  -0.399  -0.383  -0.363  -0.339  -0.309  -0.271  -0.223  -0.162  -0.084   0.015   0.138   0.287   0.460   0.656   0.871   1.101   1.341   1.590   1.845   2.101   2.360   2.620   2.879   3.137   3.389   3.633   3.865   4.080   4.278   4.455   4.613   4.749   4.865
   4.425  -0.423  -0.419  -0.412  -0.402  -0.390  -0.373  -0.352  -0.325  -0.292  -0.252  -0.203  -0.142  -0.064   0.033   0.153   0.299   0.470   0.665   0.880   1.111   1.353   1.604   1.861   2.121   2.383   2.647   2.909   3.170   3.427   3.676   3.915   4.137   4.342   4.527   4.693   4.837   4.960
   4.450  -0.417  -0.413  -0.405  -0.396  -0.382  -0.364  -0.341  -0.312  -0.275  -0.232  -0.180  -0.117  -0.039   0.058   0.175   0.319   0.487   0.681   0.895   1.126   1.370   1.623   1.882   2.145   2.410   2.677   2.943   3.207   3.468   3.721   3.965   4.192   4.403   4.595   4.768   4.919   5.049
   4.475  -0.414  -0.408  -0.400  -0.390  -0.377  -0.358  -0.333  -0.301  -0.262  -0.214  -0.157  -0.089  -0.007   0.090   0.208   0.351   0.517   0.708   0.920   1.151   1.395   1.648   1.909   2.173   2.440   2.710   2.979   3.247   3.510   3.768   4.015   4.247   4.463   4.661   4.838   4.994   5.129
   4.500  -0.411  -0.405  -0.396  -0.386  -0.372  -0.354  -0.328  -0.294  -0.251  -0.199  -0.136  -0.062   0.025   0.127   0.247   0.390   0.555   0.744   0.954   1.183   1.426   1.679   1.939   2.204   2.473   2.744   3.015   3.286   3.553   3.814   4.064   4.300   4.520   4.721   4.902   5.063   5.202
   4.525  -0.410  -0.403  -0.394  -0.384  -0.370  -0.352  -0.326  -0.291  -0.246  -0.190  -0.121  -0.041   0.053   0.162   0.288   0.434   0.600   0.788   0.995   1.221   1.462   1.713   1.972   2.237   2.507   2.779   3.051   3.324   3.594   3.857   4.110   4.349   4.572   4.776   4.960   5.121   5.262
   4.550  -0.409  -0.402  -0.393  -0.383  -0.370  -0.351  -0.325  -0.290  -0.244  -0.184  -0.112  -0.024   0.078   0.195   0.328   0.480   0.649   0.838   1.044   1.267   1.504   1.752   2.010   2.273   2.541   2.813   3.086   3.360   3.631   3.896   4.151   4.392   4.617   4.822   5.008   5.171   5.312
   4.575  -0.409  -0.402  -0.392  -0.383  -0.369  -0.351  -0.326  -0.291  -0.244  -0.183  -0.107  -0.015   0.095   0.222   0.366   0.526   0.703   0.895   1.102   1.324   1.558   1.802   2.054   2.314   2.579   2.848   3.120   3.393   3.664   3.929   4.185   4.426   4.652   4.857   5.043   5.205   5.345
   4.600  -0.409  -0.401  -0.392  -0.382  -0.370  -0.352  -0.327  -0.293  -0.247  -0.185  -0.107  -0.010   0.105   0.241   0.395   0.565   0.751   0.949   1.160   1.381   1.612   1.853   2.101   2.355   2.616   2.881   3.150   3.421   3.691   3.955   4.210   4.451   4.675   4.880   5.064   5.225   5.363
   4.625  -0.408  -0.401  -0.392  -0.383  -0.370  -0.353  -0.329  -0.296  -0.250  -0.189  -0.111  -0.012   0.107   0.249   0.409   0.588   0.782   0.988   1.205   1.430   1.662   1.901   2.145   2.395   2.651   2.911   3.176   3.444   3.710   3.972   4.224   4.463   4.685   4.888   5.070   5.229   5.365
   4.650  -0.407  -0.400  -0.392  -0.383  -0.370  -0.354  -0.331  -0.299  -0.254  -0.195  -0.117  -0.018   0.102   0.247   0.412   0.598   0.799   1.013   1.236   1.466   1.701   1.940   2.183   2.430   2.681   2.937   3.196   3.459   3.721   3.978   4.227   4.462   4.682   4.882   5.062   5.218   5.351
   4.675  -0.406  -0.399  -0.390  -0.381  -0.369  -0.354  -0.332  -0.301  -0.259  -0.202  -0.126  -0.028   0.092   0.236   0.404   0.592   0.798   1.018   1.247   1.483   1.723   1.965   2.209   2.455   2.703   2.955   3.209   3.466   3.722   3.974   4.218   4.449   4.664   4.862   5.039   5.195   5.326
   4.700  -0.405  -0.397  -0.388  -0.379  -0.367  -0.353  -0.332  -0.304  -0.264  -0.209  -0.136  -0.041   0.077   0.221   0.387   0.576   0.784   1.007   1.242   1.483   1.728   1.974   2.221   2.467   2.714   2.963   3.213   3.465   3.715   3.960   4.198   4.425   4.637   4.831   5.006   5.158   5.288
   4.725  -0.404  -0.395  -0.386  -0.377  -0.365  -0.351  -0.331  -0.305  -0.267  -0.215  -0.145  -0.052   0.062   0.203   0.366   0.554   0.760   0.983   1.218   1.462   1.711   1.961   2.212   2.461   2.710   2.958   3.206   3.453   3.698   3.938   4.170   4.392   4.600   4.792   4.965   5.118   5.247
   4.750  -0.405  -0.395  -0.385  -0.375  -0.364  -0.350  -0.330  -0.305  -0.269  -0.220  -0.152  -0.064   0.048   0.184   0.344   0.528   0.731   0.952   1.186   1.429   1.680   1.933   2.188   2.441   2.693   2.943   3.189   3.434   3.674   3.909   4.137   4.354   4.559   4.748   4.920   5.070   5.199
   4.775  -0.405  -0.395  -0.385  -0.375  -0.363  -0.349  -0.330  -0.306  -0.271  -0.223  -0.159  -0.073   0.035   0.168   0.324   0.504   0.703   0.920   1.150   1.392   1.641   1.895   2.152   2.408   2.663   2.915   3.163   3.407   3.645   3.877   4.101   4.315   4.517   4.704   4.874   5.023   5.152
   4.800  -0.405  -0.396  -0.386  -0.376  -0.364  -0.349  -0.330  -0.306  -0.272  -0.226  -0.163  -0.081   0.024   0.153   0.305   0.480   0.676   0.888   1.114   1.352   1.599   1.852   2.109   2.368   2.626   2.881   3.131   3.375   3.613   3.843   4.064   4.276   4.476   4.661   4.829   4.976   5.104
   4.825  -0.405  -0.396  -0.386  -0.376  -0.364  -0.350  -0.331  -0.306  -0.272  -0.227  -0.166  -0.086   0.015   0.141   0.289   0.460   0.651   0.858   1.080   1.314   1.558   1.810   2.067   2.327   2.587   2.844   3.096   3.342   3.580   3.810   4.030   4.241   4.438   4.622   4.788   4.933   5.059
   4.850  -0.403  -0.395  -0.386  -0.376  -0.364  -0.349  -0.330  -0.305  -0.271  -0.227  -0.168  -0.089   0.009   0.132   0.276   0.443   0.629   0.832   1.050   1.280   1.521   1.771   2.026   2.286   2.548   2.806   3.061   3.308   3.548   3.779   3.999   4.209   4.405   4.587   4.751   4.894   5.017
   4.875  -0.400  -0.392  -0.383  -0.374  -0.362  -0.347  -0.327  -0.303  -0.270  -0.226  -0.168  -0.091   0.005   0.125   0.266   0.430   0.612   0.812   1.026   1.253   1.491   1.739   1.993   2.252   2.513   2.773   3.029   3.278   3.519   3.751   3.973   4.182   4.378   4.557   4.719   4.858   4.977
   4.900  -0.394  -0.387  -0.378  -0.368  -0.357  -0.342  -0.323  -0.299  -0.266  -0.224  -0.167  -0.092   0.003   0.120   0.259   0.420   0.599   0.796   1.008   1.232   1.468   1.713   1.966   2.224   2.484   2.743   3.000   3.251   3.494   3.728   3.950   4.160   4.354   4.532   4.690   4.826   4.941
   4.925  -0.384  -0.378  -0.370  -0.361  -0.349  -0.335  -0.317  -0.293  -0.261  -0.219  -0.164  -0.090   0.002   0.117   0.253   0.412   0.590   0.785   0.995   1.217   1.451   1.694   1.945   2.201   2.461   2.720   2.977   3.229   3.474   3.709   3.932   4.142   4.335   4.510   4.665   4.796   4.905
   4.950  -0.369  -0.364  -0.356  -0.348  -0.338  -0.324  -0.306  -0.283  -0.252  -0.211  -0.157  -0.086   0.004   0.117   0.251   0.409   0.585   0.779   0.987   1.208   1.440   1.681   1.931   2.186   2.444   2.703   2.960   3.212   3.457   3.694   3.918   4.127   4.318   4.490   4.641   4.767   4.870
   4.975  -0.347  -0.342  -0.336  -0.329  -0.319  -0.307  -0.291  -0.269  -0.239  -0.200  -0.147  -0.077   0.011   0.122   0.255   0.411   0.587   0.780   0.987   1.207   1.437   1.677   1.924   2.178   2.434   2.692   2.948   3.199   3.445   3.682   3.906   4.114   4.303   4.470   4.616   4.736   4.832
   5.000  -0.319  -0.315  -0.309  -0.303  -0.294  -0.283  -0.268  -0.248  -0.220  -0.182  -0.131  -0.063   0.024   0.133   0.264   0.418   0.593   0.785   0.991   1.209   1.438   1.677   1.923   2.174   2.429   2.685   2.939   3.190   3.435   3.672   3.896   4.101   4.286   4.449   4.589   4.703   4.793
   5.025  -0.283  -0.279  -0.274  -0.268  -0.261  -0.251  -0.237  -0.218  -0.192  -0.156  -0.107  -0.042   0.042   0.148   0.276   0.427   0.599   0.789   0.995   1.212   1.441   1.679   1.924   2.174   2.427   2.681   2.934   3.184   3.428   3.663   3.884   4.085   4.266   4.423   4.557   4.665   4.749
   5.050  -0.244  -0.239  -0.234  -0.228  -0.220  -0.211  -0.197  -0.179  -0.155  -0.120  -0.074  -0.012   0.068   0.170   0.294   0.442   0.610   0.797   1.001   1.217   1.445   1.683   1.927   2.176   2.427   2.680   2.931   3.179   3.420   3.652   3.869   4.066   4.240   4.391   4.519   4.622   4.701
   5.075  -0.204  -0.197  -0.189  -0.181  -0.173  -0.162  -0.148  -0.131  -0.106  -0.074  -0.029   0.030   0.106   0.203   0.322   0.463   0.626   0.810   1.010   1.225   1.452   1.688   1.931   2.178   2.428   2.679   2.928   3.173   3.410   3.637   3.849   4.039   4.207   4.352   4.473   4.571   4.646
   5.100  -0.168  -0.157  -0.146  -0.135  -0.124  -0.112  -0.096  -0.078  -0.053  -0.020   0.024   0.081   0.154   0.246   0.358   0.493   0.650   0.828   1.025   1.237   1.461   1.695   1.936   2.182   2.429   2.678   2.924   3.165   3.397   3.618   3.822   4.005   4.166   4.304   4.420   4.514   4.587
   5.125  -0.140  -0.126  -0.111  -0.096  -0.081  -0.064  -0.045  -0.023   0.005   0.039   0.083   0.140   0.211   0.299   0.406   0.534   0.684   0.856   1.047   1.254   1.475   1.706   1.944   2.186   2.431   2.676   2.918   3.153   3.379   3.592   3.788   3.962   4.116   4.248   4.359   4.451   4.523
   5.150  -0.124  -0.105  -0.086  -0.066  -0.046  -0.024   0.000   0.027   0.058   0.097   0.143   0.201   0.271   0.357   0.460   0.583   0.726   0.891   1.075   1.277   1.493   1.719   1.953   2.192   2.433   2.674   2.910   3.138   3.356   3.559   3.745   3.911   4.058   4.185   4.292   4.383   4.455
   5.175  -0.122  -0.099  -0.075  -0.051  -0.025   0.002   0.032   0.065   0.103   0.146   0.198   0.259   0.332   0.418   0.520   0.638   0.776   0.934   1.110   1.306   1.515   1.736   1.965   2.200   2.435   2.670   2.898   3.118   3.326   3.518   3.695   3.852   3.993   4.115   4.221   4.311   4.385
   5.200  -0.133  -0.106  -0.078  -0.049  -0.018   0.015   0.051   0.090   0.134   0.185   0.243   0.310   0.387   0.475   0.577   0.694   0.826   0.978   1.147   1.336   1.539   1.754   1.978   2.206   2.436   2.663   2.883   3.092   3.290   3.472   3.638   3.788   3.922   4.041   4.146   4.236   4.313
   5.225  -0.154  -0.125  -0.094  -0.062  -0.027   0.011   0.052   0.098   0.149   0.206   0.271   0.345   0.428   0.521   0.625   0.742   0.872   1.019   1.182   1.363   1.560   1.769   1.986   2.209   2.432   2.651   2.862   3.062   3.248   3.419   3.576   3.719   3.848   3.965   4.069   4.161   4.241
   5.250  -0.185  -0.154  -0.121  -0.086  -0.048  -0.006   0.040   0.091   0.148   0.212   0.284   0.365   0.454   0.553   0.661   0.779   0.909   1.053   1.211   1.387   1.577   1.780   1.991   2.207   2.424   2.634   2.837   3.026   3.202   3.363   3.511   3.648   3.773   3.887   3.991   4.085   4.168
   5.275  -0.222  -0.191  -0.157  -0.120  -0.079  -0.035   0.014   0.069   0.130   0.200   0.278   0.365   0.461   0.565   0.679   0.800   0.932   1.075   1.232   1.403   1.587   1.784   1.989   2.199   2.408   2.612   2.806   2.985   3.152   3.305   3.445   3.576   3.697   3.810   3.915   4.010   4.096
   5.300  -0.263  -0.232  -0.198  -0.160  -0.119  -0.073  -0.022   0.035   0.100   0.173   0.255   0.348   0.450   0.560   0.679   0.806   0.942   1.087   1.243   1.411   1.591   1.783   1.982   2.186   2.388   2.584   2.770   2.941   3.100   3.244   3.378   3.504   3.622   3.734   3.839   3.936   4.025
   5.325  -0.303  -0.274  -0.240  -0.204  -0.163  -0.118  -0.066  -0.009   0.057   0.132   0.217   0.313   0.419   0.536   0.661   0.794   0.936   1.085   1.243   1.411   1.588   1.775   1.969   2.167   2.363   2.552   2.731   2.895   3.046   3.183   3.311   3.433   3.549   3.660   3.765   3.864   3.956
   5.350  -0.341  -0.314  -0.283  -0.249  -0.210  -0.165  -0.115  -0.058   0.007   0.081   0.167   0.265   0.375   0.497   0.628   0.769   0.917   1.071   1.233   1.402   1.578   1.762   1.951   2.143   2.334   2.517   2.689   2.847   2.991   3.123   3.246   3.364   3.478   3.588   3.694   3.794   3.888
   5.375  -0.375  -0.352  -0.324  -0.293  -0.256  -0.214  -0.166  -0.111  -0.047   0.026   0.111   0.209   0.321   0.446   0.584   0.731   0.886   1.046   1.213   1.384   1.560   1.743   1.928   2.116   2.301   2.479   2.646   2.798   2.937   3.063   3.182   3.297   3.409   3.518   3.625   3.726   3.822
   5.400  -0.403  -0.385  -0.361  -0.333  -0.300  -0.261  -0.215  -0.163  -0.102  -0.031   0.051   0.149   0.261   0.389   0.530   0.683   0.845   1.012   1.184   1.359   1.537   1.719   1.902   2.087   2.267   2.440   2.602   2.748   2.883   3.005   3.120   3.232   3.342   3.452   3.558   3.659   3.757
   5.425  -0.424  -0.410  -0.391  -0.367  -0.338  -0.303  -0.261  -0.212  -0.155  -0.087  -0.006   0.089   0.200   0.328   0.472   0.629   0.796   0.970   1.148   1.328   1.509   1.692   1.875   2.057   2.234   2.402   2.559   2.700   2.830   2.948   3.060   3.170   3.279   3.387   3.493   3.596   3.694
   5.450  -0.439  -0.429  -0.414  -0.395  -0.370  -0.340  -0.303  -0.258  -0.204  -0.140  -0.062   0.030   0.139   0.267   0.411   0.571   0.743   0.923   1.108   1.293   1.479   1.663   1.846   2.026   2.200   2.364   2.516   2.653   2.778   2.893   3.002   3.111   3.218   3.326   3.432   3.534   3.633
   5.475  -0.450  -0.442  -0.431  -0.416  -0.397  -0.371  -0.339  -0.298  -0.248  -0.188  -0.114  -0.025   0.081   0.207   0.351   0.514   0.689   0.875   1.065   1.256   1.446   1.634   1.817   1.995   2.166   2.326   2.474   2.607   2.729   2.840   2.947   3.054   3.160   3.267   3.373   3.475   3.574
   5.500  -0.456  -0.451  -0.443  -0.433  -0.418  -0.397  -0.370  -0.334  -0.289  -0.233  -0.163  -0.078   0.025   0.149   0.293   0.456   0.635   0.826   1.022   1.219   1.414   1.604   1.788   1.965   2.133   2.290   2.434   2.563   2.681   2.790   2.894   3.000   3.105   3.211   3.317   3.419   3.518
   5.525  -0.460  -0.457  -0.451  -0.444  -0.433  -0.417  -0.395  -0.365  -0.325  -0.274  -0.210  -0.129  -0.029   0.093   0.236   0.401   0.583   0.778   0.980   1.182   1.381   1.574   1.759   1.936   2.101   2.255   2.395   2.520   2.635   2.742   2.844   2.948   3.052   3.158   3.263   3.365   3.465
   5.550  -0.463  -0.460  -0.456  -0.451  -0.443  -0.432  -0.414  -0.390  -0.357  -0.312  -0.253  -0.177  -0.081   0.039   0.181   0.348   0.532   0.732   0.939   1.146   1.349   1.545   1.731   1.907   2.070   2.221   2.358   2.480   2.591   2.696   2.796   2.899   3.002   3.107   3.212   3.314   3.414
   5.575  -0.464  -0.462  -0.459  -0.456  -0.450  -0.442  -0.428  -0.410  -0.382  -0.344  -0.291  -0.221  -0.130  -0.014   0.127   0.295   0.483   0.687   0.899   1.111   1.318   1.516   1.703   1.878   2.040   2.188   2.322   2.441   2.550   2.652   2.751   2.852   2.954   3.058   3.162   3.265   3.367
   5.600  -0.465  -0.463  -0.461  -0.458  -0.454  -0.448  -0.438  -0.424  -0.402  -0.370  -0.325  -0.262  -0.177  -0.064   0.074   0.243   0.433   0.641   0.858   1.075   1.287   1.487   1.676   1.851   2.011   2.156   2.287   2.403   2.510   2.610   2.708   2.808   2.909   3.012   3.116   3.219   3.322
   5.625  -0.465  -0.464  -0.462  -0.460  -0.457  -0.452  -0.444  -0.433  -0.416  -0.391  -0.353  -0.297  -0.220  -0.113   0.021   0.188   0.379   0.591   0.813   1.035   1.253   1.457   1.649   1.824   1.983   2.126   2.255   2.368   2.473   2.572   2.668   2.767   2.866   2.969   3.073   3.177   3.281
   5.650  -0.466  -0.464  -0.463  -0.461  -0.458  -0.454  -0.448  -0.439  -0.426  -0.406  -0.375  -0.327  -0.258  -0.160  -0.032   0.132   0.323   0.538   0.765   0.993   1.217   1.426   1.621   1.797   1.956   2.097   2.223   2.335   2.438   2.536   2.631   2.728   2.827   2.928   3.032   3.137   3.244
   5.675  -0.466  -0.465  -0.463  -0.461  -0.458  -0.455  -0.450  -0.443  -0.432  -0.416  -0.390  -0.351  -0.291  -0.202  -0.082   0.076   0.264   0.481   0.713   0.948   1.179   1.393   1.592   1.769   1.928   2.069   2.193   2.304   2.405   2.502   2.596   2.692   2.790   2.890   2.994   3.100   3.209
   5.700  -0.467  -0.465  -0.463  -0.461  -0.459  -0.456  -0.451  -0.445  -0.436  -0.423  -0.402  -0.369  -0.317  -0.238  -0.128   0.022   0.206   0.423   0.658   0.899   1.137   1.357   1.561   1.741   1.901   2.041   2.164   2.274   2.374   2.470   2.563   2.658   2.755   2.854   2.957   3.064   3.175
   5.725  -0.467  -0.466  -0.464  -0.462  -0.459  -0.456  -0.452  -0.446  -0.438  -0.427  -0.408  -0.381  -0.336  -0.267  -0.167  -0.026   0.150   0.364   0.600   0.847   1.091   1.318   1.527   1.710   1.872   2.012   2.135   2.245   2.345   2.440   2.533   2.626   2.722   2.820   2.922   3.029   3.142
   5.750  -0.467  -0.466  -0.464  -0.462  -0.460  -0.457  -0.452  -0.447  -0.439  -0.429  -0.412  -0.388  -0.349  -0.289  -0.200  -0.069   0.098   0.308   0.543   0.792   1.042   1.275   1.490   1.677   1.841   1.983   2.106   2.216   2.316   2.411   2.503   2.596   2.690   2.787   2.889   2.996   3.109
   5.775  -0.467  -0.466  -0.464  -0.462  -0.460  -0.457  -0.453  -0.447  -0.440  -0.430  -0.415  -0.394  -0.359  -0.306  -0.225  -0.105   0.053   0.255   0.486   0.737   0.991   1.229   1.450   1.641   1.809   1.952   2.077   2.187   2.288   2.383   2.475   2.567   2.661   2.757   2.857   2.965   3.078
   5.800  -0.467  -0.466  -0.465  -0.463  -0.460  -0.457  -0.453  -0.448  -0.440  -0.431  -0.416  -0.397  -0.365  -0.318  -0.245  -0.135   0.013   0.207   0.433   0.682   0.938   1.181   1.407   1.603   1.774   1.920   2.046   2.158   2.259   2.355   2.447   2.539   2.632   2.728   2.828   2.935   3.049
   5.825  -0.467  -0.466  -0.465  -0.463  -0.461  -0.458  -0.454  -0.448  -0.441  -0.431  -0.417  -0.399  -0.369  -0.326  -0.259  -0.157  -0.019   0.166   0.383   0.629   0.885   1.131   1.362   1.563   1.738   1.887   2.015   2.129   2.231   2.328   2.420   2.513   2.605   2.701   2.801   2.909   3.023
   5.850  -0.467  -0.466  -0.465  -0.463  -0.461  -0.458  -0.454  -0.449  -0.442  -0.432  -0.418  -0.400  -0.372  -0.331  -0.268  -0.174  -0.045   0.130   0.339   0.579   0.833   1.081   1.316   1.521   1.701   1.853   1.984   2.099   2.203   2.301   2.395   2.487   2.580   2.676   2.776   2.885   3.000
   5.875  -0.467  -0.466  -0.465  -0.463  -0.461  -0.458  -0.455  -0.450  -0.442  -0.433  -0.420  -0.402  -0.374  -0.336  -0.276  -0.188  -0.066   0.100   0.300   0.534   0.784   1.032   1.269   1.478   1.663   1.818   1.952   2.070   2.176   2.275   2.370   2.463   2.556   2.651   2.751   2.859   2.975
   5.900  -0.467  -0.466  -0.465  -0.463  -0.461  -0.458  -0.455  -0.450  -0.443  -0.434  -0.421  -0.403  -0.376  -0.339  -0.282  -0.198  -0.083   0.075   0.267   0.495   0.739   0.986   1.225   1.437   1.625   1.784   1.921   2.042   2.150   2.251   2.346   2.439   2.532   2.627   2.726   2.834   2.949
   5.925  -0.466  -0.465  -0.464  -0.462  -0.460  -0.458  -0.454  -0.450  -0.443  -0.434  -0.421  -0.404  -0.378  -0.341  -0.286  -0.206  -0.096   0.056   0.241   0.462   0.702   0.947   1.185   1.399   1.590   1.752   1.892   2.015   2.125   2.228   2.324   2.417   2.509   2.602   2.700   2.807   2.922
   5.950  -0.465  -0.464  -0.463  -0.461  -0.459  -0.457  -0.453  -0.449  -0.442  -0.434  -0.421  -0.404  -0.379  -0.343  -0.290  -0.212  -0.105   0.041   0.220   0.435   0.670   0.912   1.149   1.364   1.557   1.721   1.865   1.990   2.102   2.206   2.303   2.395   2.486   2.577   2.673   2.779   2.894
   5.975  -0.465  -0.463  -0.462  -0.460  -0.458  -0.455  -0.451  -0.447  -0.441  -0.432  -0.420  -0.404  -0.379  -0.344  -0.292  -0.216  -0.112   0.030   0.205   0.416   0.645   0.884   1.118   1.333   1.527   1.694   1.840   1.968   2.082   2.187   2.284   2.375   2.464   2.553   2.647   2.753   2.867
   6.000  -0.464  -0.463  -0.461  -0.459  -0.456  -0.453  -0.449  -0.445  -0.438  -0.430  -0.418  -0.402  -0.378  -0.344  -0.293  -0.219  -0.117   0.023   0.193   0.399   0.624   0.859   1.091   1.305   1.500   1.668   1.816   1.947   2.062   2.168   2.265   2.355   2.442   2.529   2.622   2.727   2.842
   6.050  -0.464  -0.462  -0.459  -0.456  -0.453  -0.449  -0.444  -0.438  -0.432  -0.423  -0.412  -0.397  -0.374  -0.342  -0.293  -0.222  -0.124   0.008   0.171   0.366   0.582   0.809   1.036   1.249   1.447   1.620   1.774   1.908   2.027   2.133   2.229   2.316   2.400   2.484   2.574   2.676   2.791
   6.100  -0.465  -0.463  -0.459  -0.456  -0.451  -0.446  -0.440  -0.434  -0.426  -0.416  -0.404  -0.389  -0.367  -0.336  -0.289  -0.221  -0.128  -0.002   0.152   0.338   0.544   0.764   0.987   1.199   1.398   1.575   1.733   1.871   1.992   2.096   2.188   2.272   2.353   2.435   2.523   2.626   2.741
   6.150  -0.467  -0.466  -0.463  -0.459  -0.455  -0.449  -0.442  -0.434  -0.423  -0.411  -0.396  -0.379  -0.355  -0.323  -0.278  -0.214  -0.127  -0.010   0.135   0.311   0.509   0.723   0.942   1.154   1.354   1.534   1.694   1.832   1.951   2.051   2.138   2.216   2.292   2.370   2.458   2.564   2.683
   6.200  -0.470  -0.469  -0.467  -0.464  -0.460  -0.455  -0.447  -0.437  -0.425  -0.411  -0.393  -0.372  -0.345  -0.312  -0.266  -0.204  -0.122  -0.012   0.125   0.292   0.482   0.690   0.905   1.115   1.315   1.494   1.653   1.788   1.903   1.997   2.078   2.151   2.223   2.299   2.386   2.495   2.621
   6.250  -0.471  -0.470  -0.469  -0.468  -0.465  -0.461  -0.456  -0.448  -0.436  -0.422  -0.402  -0.378  -0.346  -0.307  -0.256  -0.192  -0.109  -0.003   0.128   0.288   0.470   0.672   0.881   1.086   1.281   1.455   1.609   1.737   1.844   1.931   2.006   2.076   2.146   2.224   2.315   2.427   2.558
   6.300  -0.472  -0.472  -0.471  -0.470  -0.469  -0.467  -0.464  -0.458  -0.450  -0.437  -0.417  -0.391  -0.356  -0.312  -0.255  -0.186  -0.100   0.007   0.135   0.290   0.466   0.661   0.862   1.060   1.247   1.412   1.557   1.676   1.774   1.854   1.925   1.993   2.064   2.147   2.243   2.359   2.493
   6.350  -0.473  -0.472  -0.472  -0.471  -0.471  -0.470  -0.468  -0.464  -0.459  -0.449  -0.434  -0.412  -0.380  -0.335  -0.276  -0.199  -0.105   0.009   0.142   0.298   0.470   0.657   0.847   1.033   1.206   1.359   1.491   1.599   1.690   1.766   1.834   1.904   1.979   2.067   2.169   2.289   2.427
   6.400  -0.473  -0.472  -0.472  -0.472  -0.471  -0.471  -0.470  -0.468  -0.465  -0.460  -0.450  -0.434  -0.407  -0.365  -0.305  -0.225  -0.124  -0.002   0.139   0.297   0.468   0.648   0.828   0.999   1.157   1.294   1.413   1.512   1.596   1.669   1.738   1.812   1.893   1.987   2.094   2.219   2.359
   6.450  -0.474  -0.473  -0.473  -0.472  -0.472  -0.472  -0.471  -0.470  -0.467  -0.464  -0.458  -0.446  -0.426  -0.391  -0.338  -0.261  -0.162  -0.036   0.111   0.274   0.448   0.623   0.793   0.950   1.093   1.216   1.324   1.414   1.495   1.568   1.641   1.720   1.807   1.908   2.021   2.148   2.288
   6.500  -0.474  -0.474  -0.473  -0.473  -0.473  -0.472  -0.471  -0.470  -0.469  -0.467  -0.462  -0.455  -0.440  -0.414  -0.370  -0.301  -0.207  -0.081   0.067   0.233   0.408   0.579   0.742   0.887   1.017   1.128   1.226   1.311   1.389   1.464   1.542   1.628   1.723   1.830   1.948   2.076   2.213
   6.550  -0.474  -0.474  -0.474  -0.474  -0.473  -0.473  -0.472  -0.471  -0.470  -0.468  -0.465  -0.460  -0.448  -0.427  -0.392  -0.333  -0.249  -0.133   0.008   0.170   0.341   0.509   0.667   0.805   0.927   1.031   1.123   1.205   1.283   1.361   1.444   1.537   1.639   1.753   1.877   2.007   2.145
   6.600  -0.474  -0.474  -0.474  -0.474  -0.474  -0.474  -0.473  -0.473  -0.471  -0.470  -0.467  -0.462  -0.453  -0.437  -0.408  -0.360  -0.289  -0.185  -0.057   0.097   0.261   0.423   0.577   0.710   0.827   0.927   1.016   1.098   1.177   1.260   1.348   1.447   1.557   1.678   1.807   1.940   2.079
   6.650  -0.475  -0.475  -0.474  -0.474  -0.474  -0.474  -0.474  -0.474  -0.473  -0.472  -0.469  -0.465  -0.457  -0.444  -0.421  -0.381  -0.320  -0.230  -0.116   0.024   0.176   0.330   0.477   0.607   0.722   0.820   0.909   0.991   1.073   1.160   1.254   1.360   1.476   1.603   1.736   1.872   2.011
   6.700  -0.476  -0.475  -0.475  -0.475  -0.475  -0.475  -0.475  -0.475  -0.474  -0.473  -0.471  -0.467  -0.461  -0.450  -0.430  -0.398  -0.347  -0.270  -0.170  -0.046   0.092   0.235   0.375   0.500   0.613   0.712   0.802   0.887   0.972   1.065   1.165   1.277   1.399   1.530   1.667   1.804   1.943
   6.750  -0.477  -0.476  -0.476  -0.476  -0.476  -0.476  -0.476  -0.476  -0.475  -0.474  -0.472  -0.470  -0.464  -0.455  -0.439  -0.412  -0.369  -0.304  -0.218  -0.108   0.015   0.145   0.275   0.395   0.506   0.605   0.697   0.785   0.876   0.974   1.081   1.200   1.329   1.465   1.604   1.738   1.872
   6.800  -0.477  -0.477  -0.477  -0.477  -0.477  -0.477  -0.477  -0.476  -0.476  -0.475  -0.474  -0.471  -0.467  -0.460  -0.446  -0.424  -0.388  -0.332  -0.259  -0.164  -0.055   0.062   0.182   0.296   0.404   0.503   0.597   0.690   0.786   0.890   1.003   1.129   1.263   1.403   1.543   1.674   1.799
   6.850  -0.477  -0.478  -0.478  -0.477  -0.477  -0.477  -0.477  -0.477  -0.476  -0.476  -0.475  -0.473  -0.469  -0.463  -0.452  -0.433  -0.403  -0.356  -0.294  -0.212  -0.116  -0.010   0.101   0.208   0.313   0.411   0.507   0.604   0.705   0.816   0.935   1.065   1.201   1.342   1.480   1.608   1.727
   6.900  -0.478  -0.478  -0.478  -0.478  -0.478  -0.478  -0.478  -0.478  -0.477  -0.477  -0.476  -0.474  -0.470  -0.465  -0.455  -0.440  -0.414  -0.376  -0.323  -0.252  -0.168  -0.073   0.029   0.130   0.231   0.329   0.428   0.529   0.635   0.750   0.873   1.006   1.143   1.283   1.418   1.542   1.655
   6.950  -0.479  -0.479  -0.479  -0.479  -0.479  -0.479  -0.479  -0.479  -0.478  -0.477  -0.476  -0.474  -0.470  -0.465  -0.457  -0.444  -0.423  -0.391  -0.346  -0.286  -0.213  -0.128  -0.035   0.060   0.159   0.259   0.362   0.467   0.577   0.695   0.819   0.953   1.090   1.226   1.357   1.477   1.587
   7.000  -0.480  -0.480  -0.480  -0.480  -0.480  -0.480  -0.480  -0.480  -0.479  -0.478  -0.476  -0.474  -0.470  -0.465  -0.457  -0.446  -0.428  -0.401  -0.363  -0.311  -0.247  -0.171  -0.087   0.003   0.099   0.201   0.307   0.415   0.527   0.644   0.768   0.902   1.038   1.170   1.296   1.412   1.520
   7.050  -0.481  -0.481  -0.481  -0.481  -0.481  -0.481  -0.481  -0.480  -0.480  -0.479  -0.477  -0.475  -0.471  -0.465  -0.456  -0.445  -0.428  -0.403  -0.369  -0.324  -0.267  -0.199  -0.121  -0.035   0.059   0.159   0.264   0.371   0.481   0.595   0.716   0.848   0.983   1.113   1.234   1.341   1.437
   7.100  -0.483  -0.483  -0.483  -0.483  -0.483  -0.483  -0.482  -0.482  -0.481  -0.480  -0.479  -0.476  -0.472  -0.465  -0.456  -0.444  -0.427  -0.403  -0.371  -0.329  -0.278  -0.216  -0.144  -0.061   0.030   0.127   0.228   0.330   0.436   0.547   0.664   0.793   0.925   1.054   1.171   1.266   1.343
   7.150  -0.484  -0.484  -0.484  -0.484  -0.484  -0.484  -0.484  -0.483  -0.483  -0.482  -0.481  -0.479  -0.475  -0.469  -0.459  -0.446  -0.427  -0.403  -0.371  -0.331  -0.283  -0.224  -0.156  -0.078   0.008   0.098   0.192   0.287   0.387   0.495   0.611   0.736   0.863   0.993   1.109   1.189   1.250
   7.200  -0.486  -0.486  -0.486  -0.486  -0.486  -0.486  -0.486  -0.486  -0.485  -0.484  -0.483  -0.481  -0.478  -0.473  -0.464  -0.450  -0.430  -0.404  -0.372  -0.333  -0.286  -0.230  -0.165  -0.092  -0.013   0.069   0.155   0.242   0.335   0.442   0.557   0.679   0.802   0.927   1.036   1.109   1.153
   7.250  -0.488  -0.488  -0.488  -0.488  -0.488  -0.488  -0.488  -0.488  -0.487  -0.486  -0.485  -0.484  -0.481  -0.477  -0.469  -0.456  -0.437  -0.412  -0.380  -0.340  -0.293  -0.238  -0.177  -0.110  -0.038   0.035   0.112   0.192   0.281   0.384   0.498   0.625   0.747   0.847   0.927   0.996   1.028
   7.300  -0.490  -0.490  -0.490  -0.490  -0.490  -0.490  -0.490  -0.490  -0.489  -0.489  -0.488  -0.487  -0.485  -0.482  -0.475  -0.464  -0.447  -0.423  -0.392  -0.352  -0.305  -0.251  -0.193  -0.132  -0.068  -0.004   0.065   0.141   0.226   0.327   0.439   0.571   0.693   0.768   0.820   0.860   0.884
   7.350  -0.492  -0.492  -0.492  -0.492  -0.492  -0.492  -0.492  -0.492  -0.492  -0.491  -0.491  -0.490  -0.488  -0.486  -0.480  -0.471  -0.456  -0.436  -0.407  -0.370  -0.325  -0.274  -0.219  -0.163  -0.105  -0.048   0.016   0.089   0.173   0.273   0.385   0.519   0.642   0.716   0.764   0.782   0.803
   7.400  -0.495  -0.495  -0.495  -0.495  -0.495  -0.495  -0.495  -0.495  -0.495  -0.495  -0.494  -0.493  -0.492  -0.490  -0.485  -0.478  -0.466  -0.449  -0.424  -0.390  -0.348  -0.300  -0.249  -0.198  -0.146  -0.093  -0.034   0.038   0.122   0.222   0.333   0.460   0.576   0.648   0.698   0.735   0.758
   7.450  -0.498  -0.498  -0.498  -0.498  -0.498  -0.498  -0.498  -0.498  -0.498  -0.498  -0.497  -0.497  -0.495  -0.494  -0.490  -0.484  -0.475  -0.460  -0.439  -0.409  -0.372  -0.329  -0.282  -0.236  -0.188  -0.138  -0.081  -0.011   0.072   0.177   0.284   0.379   0.458   0.510   0.546   0.598   0.616
   7.500  -0.501  -0.501  -0.501  -0.501  -0.501  -0.501  -0.501  -0.501  -0.501  -0.501  -0.501  -0.500  -0.499  -0.498  -0.495  -0.491  -0.483  -0.471  -0.453  -0.427  -0.395  -0.357  -0.316  -0.274  -0.229  -0.181  -0.125  -0.057   0.024   0.133   0.236   0.299   0.342   0.373   0.395   0.412   0.422
   7.550  -0.504  -0.504  -0.504  -0.504  -0.504  -0.505  -0.505  -0.505  -0.505  -0.505  -0.504  -0.504  -0.503  -0.502  -0.499  -0.496  -0.490  -0.480  -0.466  -0.444  -0.416  -0.383  -0.347  -0.309  -0.266  -0.220  -0.166  -0.099  -0.020   0.086   0.186   0.243   0.280   0.308   0.327   0.329   0.337
   7.600  -0.508  -0.508  -0.508  -0.508  -0.508  -0.508  -0.509  -0.509  -0.509  -0.508  -0.508  -0.508  -0.508  -0.506  -0.504  -0.502  -0.497  -0.489  -0.477  -0.458  -0.435  -0.407  -0.375  -0.340  -0.301  -0.257  -0.204  -0.139  -0.062   0.039   0.135   0.193   0.233   0.263   0.283   0.298   0.307
   7.650  -0.513  -0.513  -0.513  -0.513  -0.513  -0.513  -0.513  -0.513  -0.513  -0.513  -0.513  -0.513  -0.512  -0.511  -0.509  -0.507  -0.503  -0.497  -0.487  -0.471  -0.451  -0.428  -0.400  -0.369  -0.333  -0.291  -0.240  -0.178  -0.104  -0.007   0.084   0.140   0.178   0.206   0.225   0.239   0.248
   7.700  -0.518  -0.518  -0.518  -0.518  -0.518  -0.518  -0.518  -0.518  -0.518  -0.518  -0.518  -0.518  -0.517  -0.516  -0.515  -0.513  -0.510  -0.505  -0.496  -0.483  -0.466  -0.446  -0.422  -0.395  -0.362  -0.322  -0.274  -0.215  -0.145  -0.054   0.032   0.085   0.120   0.147   0.165   0.179   0.187
   7.750  -0.524  -0.524  -0.524  -0.524  -0.524  -0.524  -0.524  -0.524  -0.524  -0.524  -0.524  -0.523  -0.523  -0.522  -0.521  -0.520  -0.517  -0.513  -0.505  -0.494  -0.479  -0.462  -0.441  -0.417  -0.388  -0.352  -0.307  -0.252  -0.187  -0.101  -0.020   0.029   0.063   0.087   0.104   0.111   0.119
   7.800  -0.530  -0.530  -0.530  -0.530  -0.530  -0.530  -0.530  -0.530  -0.530  -0.530  -0.530  -0.530  -0.529  -0.529  -0.528  -0.527  -0.525  -0.521  -0.514  -0.504  -0.492  -0.477  -0.459  -0.438  -0.412  -0.380  -0.340  -0.289  -0.229  -0.154  -0.083  -0.040  -0.010   0.012   0.026   0.038   0.045
   7.850  -0.537  -0.537  -0.537  -0.537  -0.537  -0.537  -0.537  -0.537  -0.537  -0.537  -0.537  -0.537  -0.536  -0.536  -0.536  -0.535  -0.533  -0.529  -0.523  -0.515  -0.505  -0.492  -0.477  -0.459  -0.437  -0.409  -0.374  -0.324  -0.271  -0.220  -0.176  -0.147  -0.128  -0.114  -0.104  -0.079  -0.074
   7.900  -0.544  -0.544  -0.544  -0.544  -0.544  -0.544  -0.544  -0.544  -0.545  -0.545  -0.545  -0.544  -0.544  -0.544  -0.544  -0.543  -0.541  -0.537  -0.532  -0.525  -0.517  -0.507  -0.494  -0.480  -0.462  -0.438  -0.407  -0.360  -0.313  -0.285  -0.266  -0.252  -0.242  -0.236  -0.231  -0.227  -0.225
   7.950  -0.552  -0.552  -0.552  -0.552  -0.552  -0.552  -0.552  -0.552  -0.553  -0.553  -0.553  -0.553  -0.552  -0.552  -0.552  -0.551  -0.549  -0.546  -0.541  -0.536  -0.529  -0.521  -0.511  -0.500  -0.485  -0.466  -0.439  -0.397  -0.356  -0.334  -0.320  -0.309  -0.301  -0.296  -0.292  -0.300  -0.299
   8.000  -0.560  -0.560  -0.560  -0.560  -0.560  -0.560  -0.560  -0.560  -0.561  -0.561  -0.561  -0.561  -0.561  -0.561  -0.560  -0.559  -0.557  -0.554  -0.551  -0.546  -0.541  -0.535  -0.528  -0.520  -0.509  -0.494  -0.472  -0.436  -0.400  -0.379  -0.364  -0.353  -0.346  -0.341  -0.337  -0.334  -0.333
   8.100  -0.580  -0.580  -0.580  -0.580  -0.580  -0.580  -0.580  -0.580  -0.580  -0.580  -0.580  -0.580  -0.581  -0.581  -0.581  -0.580  -0.578  -0.576  -0.574  -0.571  -0.569  -0.567  -0.565  -0.563  -0.560  -0.553  -0.542  -0.520  -0.497  -0.484  -0.474  -0.468  -0.463  -0.460  -0.458  -0.456  -0.455
   8.200  -0.604  -0.604  -0.604  -0.604  -0.604  -0.604  -0.604  -0.604  -0.605  -0.605  -0.605  -0.605  -0.605  -0.605  -0.605  -0.604  -0.603  -0.602  -0.601  -0.601  -0.601  -0.603  -0.607  -0.612  -0.617  -0.618  -0.614  -0.599  -0.583  -0.574  -0.568  -0.563  -0.560  -0.558  -0.556  -0.589  -0.588
   8.300  -0.633  -0.633  -0.633  -0.633  -0.633  -0.633  -0.633  -0.633  -0.634  -0.634  -0.634  -0.634  -0.634  -0.633  -0.633  -0.633  -0.633  -0.633  -0.633  -0.634  -0.637  -0.644  -0.653  -0.664  -0.676  -0.686  -0.696  -0.706  -0.715  -0.721  -0.724  -0.727  -0.729  -0.731  -0.732  -0.732  -0.733
   8.400  -0.679  -0.673  -0.669  -0.667  -0.667  -0.666  -0.667  -0.667  -0.667  -0.667  -0.667  -0.667  -0.667  -0.667  -0.666  -0.667  -0.667  -0.668  -0.669  -0.672  -0.678  -0.690  -0.704  -0.716  -0.734  -0.759  -0.806  -0.909  -1.017  -1.079  -1.122  -1.153  -1.174  -1.190  -1.201  -1.090  -1.093
   8.500  -0.704  -0.704  -0.704  -0.704  -0.704  -0.704  -0.704  -0.704  -0.704  -0.704  -0.704  -0.704  -0.704  -0.704  -0.704  -0.704  -0.705  -0.707  -0.710  -0.715  -0.724  -0.740  -0.759  -0.773  -0.797  -0.836  -0.914  -1.088  -1.269  -1.374  -1.447  -1.499  -1.535  -1.562  -1.580  -1.593  -1.602
   8.600  -0.667  -0.706  -0.731  -0.744  -0.743  -0.745  -0.745  -0.745  -0.745  -0.745  -0.745  -0.745  -0.745  -0.745  -0.745  -0.745  -0.747  -0.750  -0.754  -0.762  -0.773  -0.792  -0.818  -0.844  -0.874  -0.925  -0.992  -1.112  -1.273  -1.360  -1.413  -1.457  -1.483  -1.505  -1.518  -1.529  -1.536
   8.700  -0.582  -0.685  -0.753  -0.786  -0.785  -0.790  -0.789  -0.789  -0.789  -0.789  -0.789  -0.789  -0.789  -0.789  -0.789  -0.790  -0.792  -0.796  -0.801  -0.811  -0.826  -0.850  -0.881  -0.918  -0.961  -1.004  -1.050  -1.078  -1.094  -1.108  -1.117  -1.124  -1.128  -1.131  -1.133  -1.135  -1.136

